2 0.68135 0.699697 0.0640274 0.134703 0.944633
2 0.808677 0.694481 0.060461 0.137829 0.940634
6 0.582513 0.533906 0.0631215 0.11915 0.939534
6 0.717467 0.531258 0.0659312 0.120892 0.936411
6 0.648948 0.533444 0.0645179 0.119144 0.934526
0 0.761202 0.154571 0.0527359 0.109411 0.932374
0 0.869767 0.151631 0.0513829 0.111141 0.930006
2 0.746167 0.695777 0.0586402 0.13715 0.919917
0 0.815997 0.15303 0.0509427 0.110533 0.902984
0 0.923387 0.150659 0.0525241 0.112044 0.900882
2 0.877456 0.694799 0.0668433 0.138535 0.761516
