0 0.574137 0.432631 0.0351715 0.0761135 0.970087
0 0.536309 0.432771 0.0354543 0.0758236 0.960676
6 0.685764 0.81867 0.0482296 0.0932743 0.957523
6 0.736092 0.819018 0.0487248 0.0943915 0.949468
0 0.49816 0.432231 0.0357941 0.076127 0.948237
0 0.460358 0.433071 0.035539 0.0762413 0.926716
6 0.63353 0.819174 0.0497143 0.0924555 0.922925
0 0.383996 0.432517 0.0368371 0.0758498 0.917694
6 0.78643 0.819098 0.048698 0.0942028 0.916496
6 0.837698 0.818999 0.0497413 0.0954738 0.9069
6 0.580609 0.818911 0.0511459 0.0934437 0.904851
0 0.422156 0.433216 0.0357964 0.0762613 0.903262
