0 0.862952 0.274817 0.0362719 0.0765058 0.977813
0 0.824772 0.275961 0.0346798 0.0747337 0.973302
1 0.741224 0.276901 0.0343434 0.0744367 0.960781
1 0.776998 0.276748 0.0336731 0.0740167 0.960124
3 0.729918 0.412856 0.0513988 0.108785 0.957356
3 0.781141 0.561658 0.0504191 0.109161 0.951473
3 0.889464 0.411002 0.0504041 0.108731 0.948745
3 0.782844 0.412515 0.0490617 0.108907 0.948247
3 0.833103 0.56232 0.0490514 0.110222 0.946998
6 0.263537 0.422557 0.0519185 0.0907219 0.942964
6 0.163567 0.273851 0.0516606 0.0913969 0.93924
3 0.676058 0.413114 0.0503969 0.108813 0.939071
3 0.72746 0.561074 0.0493761 0.107903 0.93633
6 0.210459 0.42261 0.0501511 0.0908663 0.933372
6 0.216383 0.273368 0.0488536 0.0917722 0.930492
6 0.268294 0.271666 0.049018 0.0932707 0.928602
3 0.835321 0.413008 0.0507155 0.109271 0.925817
3 0.884867 0.561553 0.0503681 0.109263 0.923022
3 0.674248 0.560461 0.0499854 0.106411 0.92134
6 0.159421 0.422786 0.0488759 0.0892856 0.915497
1 0.703984 0.277696 0.0340861 0.0739508 0.91354
0 0.90648 0.273235 0.0413854 0.077039 0.855161
