0 0.44387 0.503377 0.0216692 0.144933 0.956062
6 0.521706 0.198014 0.0313663 0.192141 0.95112
2 0.495976 0.776541 0.0309324 0.222234 0.950034
2 0.527757 0.775629 0.0302343 0.222369 0.94041
6 0.541073 0.483597 0.0304789 0.187081 0.939974
6 0.574055 0.483084 0.0321043 0.187379 0.933255
0 0.489872 0.503172 0.0214146 0.146434 0.923863
0 0.512947 0.503545 0.022206 0.148033 0.919125
6 0.554676 0.197442 0.031868 0.192796 0.912555
0 0.467256 0.502443 0.0220159 0.145339 0.904862
2 0.463091 0.777108 0.0310308 0.223559 0.902891
