7 0.542049 0.212828 0.0574514 0.176405 0.971509
4 0.500832 0.880925 0.104971 0.183665 0.960856
2 0.349713 0.434201 0.064652 0.1905 0.953816
4 0.390894 0.881732 0.105436 0.176532 0.952389
7 0.480996 0.213857 0.0568222 0.178304 0.952304
3 0.430966 0.658779 0.0616123 0.172607 0.935568
2 0.41884 0.43575 0.0662333 0.192812 0.932609
3 0.365774 0.660158 0.0611376 0.165568 0.906533
1 0.370764 0.228063 0.0492651 0.146929 0.891154
1 0.317373 0.229005 0.0519538 0.147451 0.878682
1 0.424546 0.231045 0.0505961 0.148816 0.848619
