2 0.564358 0.843355 0.0662892 0.140753 0.943824
3 0.425789 0.849584 0.0667667 0.139179 0.941243
2 0.493397 0.843332 0.0643053 0.13852 0.938309
2 0.636086 0.848043 0.0666661 0.139986 0.93803
3 0.282449 0.845603 0.0688546 0.138425 0.937656
6 0.328725 0.669535 0.0678399 0.120403 0.927431
3 0.354115 0.849266 0.0676444 0.141525 0.926035
3 0.204582 0.844928 0.0717299 0.140376 0.921892
6 0.399632 0.671618 0.0686342 0.120645 0.920189
2 0.707844 0.850075 0.0668901 0.139587 0.910819
2 0.777899 0.851206 0.0667441 0.139158 0.910694
2 0.845025 0.847399 0.0607598 0.141146 0.870138
