0 0.332142 0.336847 0.0223649 0.107815 0.960872
6 0.567216 0.522646 0.0293299 0.130466 0.960589
6 0.629286 0.525216 0.0294634 0.132841 0.950138
0 0.374275 0.143888 0.0238043 0.112334 0.944699
6 0.692664 0.528396 0.0300975 0.13177 0.944073
0 0.327193 0.140281 0.0229565 0.111427 0.935847
6 0.597869 0.523995 0.029886 0.132621 0.931861
6 0.50661 0.52034 0.0283685 0.131358 0.929413
0 0.355773 0.338743 0.0221293 0.107408 0.925937
6 0.536395 0.520624 0.029659 0.131335 0.925308
6 0.66057 0.526459 0.0305363 0.132649 0.922496
0 0.350469 0.142494 0.0223912 0.111979 0.906649
6 0.723568 0.529308 0.0295715 0.132134 0.861445
