1 0.539453 0.103844 0.0427577 0.0865513 0.969188
4 0.422003 0.700251 0.0913573 0.123246 0.968716
4 0.519191 0.708624 0.0984838 0.12691 0.960595
1 0.493353 0.103795 0.044153 0.0871217 0.95822
2 0.564691 0.555202 0.054006 0.124169 0.957316
1 0.446125 0.104266 0.0441153 0.0848309 0.953974
3 0.508519 0.552635 0.0530494 0.118005 0.947627
6 0.599424 0.403128 0.0563629 0.108918 0.941642
6 0.539926 0.402161 0.0548861 0.108735 0.939431
2 0.623028 0.558253 0.056007 0.12492 0.935898
3 0.452829 0.549426 0.0527325 0.115907 0.916023
6 0.481734 0.400253 0.0565834 0.107193 0.908499
6 0.658003 0.404921 0.0570814 0.10971 0.90197
