1 0.479527 0.538717 0.0461307 0.0992881 0.965033
1 0.629111 0.361438 0.0468099 0.0967441 0.963199
1 0.57977 0.361038 0.0473121 0.0982506 0.962356
1 0.528813 0.361898 0.0472658 0.0968597 0.96079
1 0.429071 0.36193 0.0465519 0.0958874 0.960134
1 0.379513 0.361338 0.0464478 0.0960035 0.959551
1 0.429072 0.539525 0.0466098 0.0990341 0.959367
1 0.47851 0.361921 0.045107 0.0961227 0.956006
1 0.528294 0.539399 0.0460653 0.0988304 0.955199
1 0.677892 0.539174 0.0466529 0.0992275 0.954091
1 0.379755 0.539553 0.0465936 0.0993248 0.950171
1 0.730138 0.361785 0.0458179 0.0969637 0.948106
1 0.578422 0.539055 0.0453742 0.0988626 0.945739
1 0.72708 0.539758 0.04723 0.0991913 0.945593
1 0.627487 0.539429 0.0454873 0.0982878 0.941945
1 0.679115 0.3608 0.048369 0.0989758 0.926543
