4 0.366591 0.819226 0.118966 0.155268 0.987236
4 0.240551 0.820654 0.123426 0.153984 0.98448
4 0.112301 0.820531 0.125172 0.154724 0.981444
4 0.491513 0.818351 0.118035 0.152473 0.974405
1 0.306396 0.29086 0.0507518 0.0949107 0.973182
1 0.415371 0.291499 0.0528361 0.0931414 0.972448
1 0.361477 0.291202 0.0516168 0.0933874 0.972051
6 0.20216 0.467352 0.0707114 0.116401 0.971959
1 0.250767 0.290371 0.0528271 0.094417 0.966734
6 0.275835 0.468425 0.0701669 0.114606 0.963874
6 0.421445 0.467326 0.0685655 0.115858 0.959206
6 0.492862 0.467562 0.0680757 0.115987 0.952874
6 0.348988 0.468382 0.0696704 0.115198 0.945305
2 0.635754 0.453994 0.0685272 0.144181 0.942013
2 0.779349 0.454343 0.0691698 0.14419 0.938198
2 0.706746 0.454285 0.0680105 0.143435 0.927408
1 0.19469 0.289917 0.0508313 0.094006 0.924556
2 0.563274 0.455034 0.0693938 0.143083 0.896667
