1 0.744449 0.292921 0.0590595 0.120367 0.989743
1 0.753195 0.510939 0.0563571 0.120644 0.986231
1 0.452581 0.513306 0.0539788 0.117771 0.985577
1 0.630944 0.511916 0.0566793 0.119142 0.985204
1 0.511579 0.513718 0.0558477 0.117941 0.984853
1 0.808473 0.291201 0.0593229 0.122842 0.983964
1 0.321406 0.302943 0.0577872 0.118961 0.977703
1 0.690877 0.51172 0.0562264 0.119448 0.977576
1 0.33525 0.516341 0.0556651 0.118754 0.977058
1 0.393242 0.514697 0.0549672 0.116775 0.974314
1 0.259943 0.3049 0.058645 0.118828 0.973711
1 0.814275 0.50968 0.0592282 0.121629 0.972158
1 0.682452 0.294735 0.0586117 0.119096 0.967895
1 0.382222 0.301132 0.0587952 0.118839 0.967591
1 0.444329 0.300027 0.0566447 0.117995 0.967349
1 0.562773 0.298192 0.0554879 0.118335 0.960567
1 0.570897 0.512787 0.0563705 0.118362 0.947721
1 0.622907 0.295811 0.0561133 0.12013 0.946901
1 0.200635 0.305603 0.0561027 0.118968 0.917553
1 0.503522 0.298329 0.0568249 0.119116 0.916131
