0 0.650181 0.431934 0.0508891 0.105217 0.973818
0 0.704251 0.43129 0.0513167 0.105305 0.959245
1 0.594444 0.434042 0.0486321 0.10449 0.956457
1 0.438435 0.436233 0.0479089 0.104864 0.955945
1 0.283182 0.437885 0.0469225 0.10438 0.955522
0 0.757254 0.429948 0.0508798 0.104958 0.954426
0 0.698751 0.218201 0.0510135 0.102739 0.945319
1 0.334861 0.437526 0.0477719 0.104135 0.929302
1 0.231075 0.438157 0.0504685 0.103703 0.926092
1 0.542354 0.435149 0.048075 0.103362 0.924105
1 0.386335 0.436489 0.0487632 0.104196 0.922088
1 0.490999 0.435774 0.0490539 0.104256 0.92156
0 0.752916 0.215949 0.0533027 0.10522 0.921462
1 0.586466 0.221272 0.0496938 0.100187 0.901428
1 0.643982 0.220526 0.0513641 0.100493 0.585335
