7 0.448326 0.326217 0.0541896 0.107077 0.988697
4 0.514463 0.80333 0.106068 0.13844 0.981995
2 0.51991 0.636625 0.0593097 0.120202 0.975196
4 0.624153 0.800389 0.10607 0.131914 0.972672
7 0.390588 0.325693 0.0545117 0.10794 0.969037
2 0.456868 0.636831 0.0595501 0.120987 0.950674
7 0.562226 0.327469 0.055627 0.106919 0.942564
7 0.505123 0.327032 0.0536088 0.106779 0.941885
2 0.394426 0.637754 0.0587678 0.123122 0.938486
2 0.584009 0.636777 0.0603094 0.120029 0.927294
3 0.397415 0.480682 0.0636192 0.124079 0.909212
3 0.595698 0.480674 0.0615493 0.122784 0.875767
3 0.529057 0.480507 0.061468 0.123689 0.873546
3 0.463767 0.480349 0.0618197 0.123899 0.858699
1 0.389648 0.162609 0.051494 0.0969145 0.718031
1 0.505479 0.165136 0.0532748 0.0955799 0.668632
1 0.443413 0.164281 0.0514707 0.095833 0.640654
1 0.558631 0.16638 0.0495742 0.0947064 0.634461
