4 0.400014 0.843575 0.13015 0.166102 0.989766
4 0.532496 0.843819 0.125824 0.165329 0.986891
1 0.379593 0.0856487 0.0553529 0.110177 0.983431
1 0.320513 0.0840979 0.0559043 0.111537 0.979499
2 0.476566 0.652666 0.0692637 0.154793 0.974995
1 0.260578 0.0801132 0.0564568 0.107822 0.974407
3 0.69935 0.656985 0.0682512 0.147382 0.967273
1 0.201462 0.0805198 0.0553853 0.106481 0.966336
7 0.202474 0.288742 0.063855 0.13594 0.961312
2 0.4024 0.652755 0.0701165 0.155214 0.9574
2 0.549232 0.651399 0.0703434 0.152355 0.952934
3 0.624909 0.65229 0.0703101 0.149723 0.952682
4 0.664538 0.84137 0.126255 0.164633 0.952484
7 0.330772 0.289782 0.0653788 0.135439 0.948914
7 0.266381 0.290304 0.0597939 0.134321 0.935529
3 0.770621 0.655477 0.069677 0.15155 0.935005
