2 0.509344 0.808087 0.0679722 0.151469 0.96837
2 0.295116 0.794509 0.0655404 0.146864 0.960361
3 0.582084 0.813485 0.0715017 0.149206 0.958575
7 0.408044 0.431537 0.0588391 0.113862 0.957125
2 0.225915 0.790971 0.06654 0.144961 0.956389
2 0.364615 0.797394 0.0669196 0.148634 0.956379
3 0.659835 0.81848 0.0739176 0.153809 0.955874
3 0.816472 0.825869 0.0766959 0.157595 0.954005
1 0.350023 0.441899 0.0517721 0.0939711 0.940727
3 0.73758 0.821816 0.0747467 0.155141 0.940713
1 0.295916 0.441811 0.0508474 0.0934826 0.937661
2 0.436948 0.803692 0.0696618 0.150611 0.923536
7 0.470071 0.432421 0.0577738 0.114283 0.914046
