0 0.713318 0.205375 0.0419199 0.088359 0.976772
0 0.67028 0.20623 0.0397905 0.0879898 0.965943
3 0.519773 0.359485 0.0532823 0.119493 0.96349
1 0.459278 0.209302 0.0391614 0.0856082 0.951332
1 0.418162 0.21001 0.0392263 0.0847682 0.94754
3 0.357646 0.360194 0.0513048 0.116811 0.947271
0 0.628165 0.206681 0.039208 0.0878212 0.945783
3 0.46425 0.359488 0.0517307 0.11923 0.944831
1 0.502584 0.208878 0.0396985 0.0861614 0.93946
1 0.544068 0.208272 0.0385727 0.0864212 0.923321
3 0.409465 0.360234 0.0506241 0.117532 0.913399
1 0.585495 0.207685 0.0395541 0.0861864 0.900307
2 0.577253 0.356796 0.055233 0.123953 0.894439
