0 0.268981 0.298411 0.0436974 0.0927515 0.986724
0 0.315637 0.299069 0.0445194 0.0930849 0.983839
0 0.686453 0.305099 0.0448526 0.0922928 0.969476
0 0.640408 0.304334 0.0434483 0.0926253 0.96865
0 0.222877 0.297363 0.044823 0.0930865 0.965712
0 0.592998 0.30366 0.0447016 0.093679 0.964365
0 0.406947 0.300876 0.0429576 0.0923022 0.963536
0 0.499866 0.301759 0.0436235 0.0933445 0.963284
0 0.453468 0.301886 0.0434757 0.0934461 0.959681
0 0.361744 0.300007 0.0429904 0.0924065 0.956536
0 0.546015 0.302942 0.0447356 0.0935147 0.952872
