6 0.627073 0.303881 0.0801458 0.143694 0.98153
2 0.358343 0.526886 0.0760956 0.179015 0.975825
6 0.542368 0.304088 0.0789343 0.1426 0.971564
6 0.692057 0.548582 0.0823273 0.154155 0.96929
6 0.459464 0.305488 0.0771046 0.139249 0.965298
6 0.51767 0.5442 0.0806017 0.153922 0.955934
2 0.189576 0.522341 0.0738575 0.176465 0.954869
2 0.270743 0.52406 0.0826414 0.177528 0.953604
2 0.380855 0.290471 0.0617536 0.167746 0.942838
6 0.604848 0.547269 0.0825666 0.15527 0.940995
2 0.302799 0.290464 0.0724674 0.167953 0.940182
6 0.709671 0.3047 0.0801189 0.143306 0.939494
2 0.225444 0.290564 0.0702606 0.166338 0.917884
6 0.436223 0.542045 0.0768664 0.152278 0.916809
6 0.804814 0.336302 0.0622944 0.0872771 0.91347
