6 0.534371 0.628976 0.030372 0.134341 0.97427
6 0.56662 0.629899 0.0310709 0.134414 0.973282
6 0.598903 0.631969 0.0309356 0.135999 0.966502
1 0.231188 0.0662413 0.0216415 0.115339 0.962445
1 0.166576 0.0684763 0.0191215 0.107565 0.949046
2 0.414197 0.6067 0.0286807 0.154276 0.942138
3 0.473755 0.612633 0.0282335 0.156907 0.937894
6 0.632545 0.634552 0.0305172 0.139833 0.937245
3 0.444181 0.610059 0.0278871 0.155304 0.936991
1 0.186399 0.0666883 0.0197987 0.111292 0.901941
1 0.20843 0.066355 0.0216553 0.116212 0.89774
